451934.2310      6776401.2390   617.6100                                                  
452013.8288      6776551.5428   616.0730                  
451987.0363      6776497.2153   617.6951                  
451970.4869      6776433.9750   615.5609                  
451934.2310      6776401.2390   617.6100                  
452012.2311      6776417.6121   606.5644                                              
452003.5122      6776423.7917   609.1828                                       
451996.5715      6776408.8302   609.0536 
451998.5532      6776428.9145   610.2619                  
451985.2827      6776400.1344   609.3930              
451988.5146      6776433.2857   612.2963                
451979.7701      6776407.1429   611.4179              
451986.9696      6776424.9261   612.2083        
451968.6386      6776392.2237   610.6269               
451978.4189      6776425.8712   613.9686      
451955.0042      6776392.9709   612.9950             
451972.9782      6776418.9002   614.5649               
451946.9148      6776394.1045   615.3236                
451966.7354      6776422.8607   615.5570             
451953.4856      6776405.0378   615.0340           
451955.7397      6776430.3177   617.1664        
451929.9863      6776386.9214   615.8220        
451912.9332      6776387.9882   617.2557         
451929.6386      6776412.7075   618.3592      
451908.3600      6776382.7032   617.0754          
451896.4612      6776386.2021   618.5154             
451922.2092      6776431.7210   620.1461              
451888.3693      6776379.5375   618.1757          
451939.2775      6776440.1844   619.0741       
451879.5056      6776390.0009   620.1757         
451949.2678      6776445.0670   618.3924         
451865.6877      6776397.4783   620.6274      
451956.3727      6776438.3329   617.3818           
451855.7200      6776409.7543   623.3715          
451964.0647      6776436.9892   616.3914       
451857.6956      6776418.3885   624.8166            
451972.8436      6776437.5927   615.0362      
451872.7322      6776423.7475   624.9410       
451976.2522      6776443.2894   614.5949               
451882.6059      6776413.8860   622.6580         
451984.3807      6776447.7417   613.5915                
451895.6445      6776423.4226   622.3914            
451990.4515      6776454.1186   613.0506            
451900.8459      6776413.1131   620.9214          
451993.0852      6776460.5139   613.2910             
451905.9069      6776406.8036   619.8905               
451996.9333      6776462.6873   613.0792          
451914.6039      6776409.8088   619.5581 
452003.9122      6776464.5827   612.3051
451897.1640      6776431.5409   623.3413               
452003.9974      6776471.5232   613.0825               
451901.7701      6776441.3294   623.9633             
451994.3955      6776475.1773   614.5382               
451890.0329      6776438.0581   625.3160           
451993.4240      6776478.9875   615.0258  
451884.7753      6776442.5071   626.8272                
451972.9515      6776467.2554   616.3998                
451899.8257      6776447.9371   625.0304          
451965.7106      6776461.7276   616.8841         
451901.7087      6776455.7250   625.4267              
451957.9545      6776459.9015   618.0086           
451895.4179      6776467.9685   628.7783              
451946.1557      6776460.3668   619.4905               
451895.1880      6776476.5081   629.9128            
451935.7718      6776462.0364   620.8083         
451890.1681      6776486.3109   631.8132            
451940.8796      6776467.9920   620.6085              
451886.6029      6776495.3897   633.2271              
451943.7566      6776476.1618   621.0909            
451884.6082      6776504.9806   633.0385                 
451939.2933      6776478.4665   622.3441            
451934.3917      6776479.5629   623.1113           
451902.9997      6776467.2019   626.9693          
451941.9961      6776483.4222   622.2964          
451901.2517      6776472.5966   628.2797           
451938.1763      6776488.1286   623.7819         
451908.9152      6776454.3229   624.0221                  
451934.9496      6776488.8736   624.9523      
451914.4996      6776450.6457   622.7483      
451915.9721      6776462.7316   624.1018      
451933.0038      6776493.6292   626.2120      
451913.8132      6776470.4719   625.7044        
451912.9686      6776476.5534   627.4185      
451928.3404      6776489.8704   626.4879      
451918.3545      6776473.0497   625.3390         
451928.7590      6776483.3553   625.2852      
451920.6661      6776464.6130   623.7473      
451928.8174      6776475.2255   623.4357  
451923.5038      6776456.0798   622.0225           
451928.1882      6776453.6980   621.1926        
451924.3601      6776442.1855   620.7211        
451934.5697      6776379.8336   613.8232         
451923.0506      6776379.7233   614.6385         
451940.7949      6776380.0751   613.4373        
451951.0690      6776381.4933   612.3317             
451917.6448      6776379.2288   615.2437         
451955.8114      6776382.3717   611.1562        
451910.2203      6776379.0876   616.0109      
451964.3476      6776383.5158   609.8709      
451901.5179      6776378.8353   617.0447      
451972.0468      6776384.7023   608.8002           
451893.2766      6776378.6592   617.8272               
451979.6067      6776385.8561   607.1780           
451886.6224      6776378.7320   618.1511             
451983.4705      6776386.5327   606.2480           
451878.8385      6776378.9696   618.0141         
451992.9304      6776388.2244   605.0935            
452002.4616      6776390.0610   603.7583       
451873.1854      6776379.0987   617.4201             
452006.1643      6776390.8144   603.0848
452012.8007      6776392.0203   602.3356                    
452090.3075      6776586.8920   611.6778          
452046.3764      6776622.7904   619.1179          
452001.0928      6776506.1320   616.4473         
452036.1103      6776602.0341   615.8837      
452019.8491      6776494.6467   613.7959      
452045.9613      6776607.1124   615.9621        
452014.6520      6776501.6727   614.7922             
452053.5977      6776606.2016   615.5856         
452022.5647      6776508.8373   614.9550             
452013.9299      6776551.6781   615.9214            
452008.3852      6776516.8955   616.0426      
452067.0312      6776613.9625   615.9191       
452003.1991      6776524.1766   617.1368          
452073.9815      6776613.2975   615.3884       
452016.7504      6776527.5614   615.5408       
452080.7967      6776617.2910   615.2238      
452033.9612      6776528.0379   614.3408      
452079.2793      6776618.1583   615.5175      
452046.1662      6776532.4840   612.2549      
452079.2666      6776618.1525   615.5135       
452059.0494      6776529.9024   611.0127      
452077.7970      6776618.6076   616.1904          
452067.6939      6776524.5801   611.3741             
452076.9202      6776619.3987   616.6142             
452069.5304      6776537.2072   610.8356                 
452075.6763      6776620.2036   616.4787               
452058.9644      6776540.3786   610.7150             
452085.2004      6776615.5811   614.6430               
452048.3562      6776543.8854   611.4843              
452091.7344      6776616.3014   613.8414         
452035.5088      6776546.8914   613.0640         
452097.0777      6776614.9350   613.1490      
452025.6357      6776548.8314   614.1824      
452105.1030      6776617.4455   612.1603      
452018.9522      6776548.9710   615.1573      
452112.6545      6776615.1045   610.7334      
452004.0665      6776553.4767   617.8667            
452114.3967      6776622.0125   611.1832                
451989.9094      6776556.9537   619.9941          
452107.8479      6776621.6959   612.1209          
451979.9756      6776557.4340   621.5446               
452098.1712      6776621.9984   613.6139         
451969.9077      6776558.5076   624.0872          
452094.3766      6776620.3260   613.9539      
451957.0762      6776559.5019   627.1858          
452108.3123      6776620.7932   611.9578              
451942.3794      6776560.8600   629.5762              
452115.6775      6776622.1140   610.9671        
451936.4233      6776571.0589   629.6042              
452124.2432      6776621.9956   609.6528               
451948.3083      6776569.6724   628.0308           
452127.6083      6776619.7872   608.9818               
451964.7360      6776569.6339   624.9640             
452122.3980      6776613.6165   609.2304            
451966.2536      6776564.6158   624.6521       
452114.5973      6776609.4135   610.1569             
451974.0356      6776571.0711   623.1701      
452106.8863      6776600.3045   610.7786         
451987.2803      6776571.9448   620.4666         
452096.8332      6776601.5262   612.0424       
452000.5950      6776570.3612   618.2890      
452089.8005      6776603.9101   612.8753        
452013.1975      6776569.0653   616.8741       
452091.4696      6776598.4637   612.1105      
452022.5186      6776567.5242   615.4055             
452098.2830      6776593.5313   611.2681      
452033.3897      6776564.8710   613.5448            
452091.4967      6776589.7244   611.6182      
452052.9588      6776558.2581   611.0433      
452014.0724      6776551.6508   615.9063      
452069.5407      6776555.9036   610.3033      
452081.4960      6776573.9775   610.8746      
452065.1633      6776565.9289   610.0073      
452069.3483      6776570.9197   611.3964      
452039.6682      6776570.0325   613.1129      
452073.5843      6776579.3161   611.6892      
452025.8320      6776571.6554   615.1137       
452073.1582      6776586.6521   612.4693      
452010.3657      6776574.8297   617.6174       
452067.1549      6776584.8116   612.7749        
452022.5018      6776574.1402   616.1434        
452066.6499      6776579.1132   612.2718        
452032.9086      6776573.6116   614.6158        
452062.5510      6776570.3861   611.5024         
452047.8458      6776571.8213   612.7996      
452056.1772      6776574.7921   612.2691       
452029.5462      6776591.6928   615.8985       
452058.4721      6776583.4668   613.0492      
452030.5664      6776605.6175   616.8501           
452067.8296      6776586.4031   612.8456         
452030.6322      6776615.2031   618.0835            
452070.2006      6776593.1452   613.5760         
452031.2244      6776620.8138   619.1016           
452062.2125      6776597.6849   614.5468           
452018.3884      6776623.8388   621.1227            
452055.2440      6776592.7879   614.0520            
452016.9343      6776615.6987   619.1866       
452051.2380      6776581.1403   613.2119             
452014.5289      6776607.2445   618.0281      
452043.3037      6776587.9736   614.4901      
452012.7285      6776596.8383   617.5690          
452040.9649      6776588.4093   614.6768           
452000.8400      6776597.6528   619.0816
452038.8840      6776595.5513   615.3454           
451999.5056      6776611.5599   620.2346         
452045.4056      6776604.6928   615.6559             
451998.5759      6776622.7796   622.5570           
452044.1035      6776612.2420   616.7409            
451984.2222      6776621.6717   623.8528         
452036.8934      6776607.3470   616.5126               
451982.9080      6776607.5369   622.3457           
452035.3482      6776619.1173   618.4362           
451979.2969      6776592.3237   622.3880         
451978.4848      6776583.8922   622.4994         
451971.1851      6776584.3880   624.4569      
451970.7558      6776601.4280   624.4358        
451969.4964      6776612.9563   624.8531      
451968.5571      6776620.6649   625.6391      
451954.1780      6776621.0966   628.1013      
451953.6634      6776615.4921   627.5528      
451961.7230      6776591.6445   626.7010      
451956.0187      6776585.9873   627.2035      
451955.5870      6776578.9416   626.7743       
451947.9682      6776580.6722   628.0956      
451948.4945      6776595.5361   628.3857      
452012.8663      6776551.6556   616.1061      
451977.0531      6776554.0600   622.2960      
451979.2026      6776549.8950   622.0841      
451990.4437      6776550.1375   619.9082      
452000.0531      6776543.1364   618.1590      
451999.6849      6776527.8940   617.9200      
451997.6831      6776520.7508   618.0718       
451982.6698      6776524.1616   621.8490           
451982.2106      6776542.4873   622.2450             
452013.4079      6776550.4159   615.9986        
452021.6101      6776542.0940   615.0511             
452034.6179      6776540.4041   613.6004              
452030.5707      6776549.3363   613.5513          
451878.5976      6776491.1597   634.2768             
451927.3069      6776490.5078   626.6603            
451879.5639      6776491.3450   634.0500           
451932.7979      6776601.5531   630.1702        
451933.5561      6776516.1381   630.6691      
451942.0249      6776620.2120   630.5881             
451955.6669      6776524.6733   628.2510              
451933.6035      6776619.1220   631.0214              
451952.5274      6776535.7798   629.6121          
451925.0976      6776617.1688   631.5428      
451951.7968      6776544.7305   629.7521              
451922.1356      6776613.0238   631.7190           
451941.4776      6776542.6343   631.3538             
451928.6523      6776612.5206   631.0861         
451938.4233      6776526.1325   631.0623      
451932.0332      6776611.8981   630.6704      
451928.4878      6776518.8720   631.5695      
451937.3265      6776612.2005   630.2992        
451923.9668      6776541.3887   632.2654      
451938.9674      6776612.3672   630.1815      
451917.5543      6776528.1837   632.9453      
451936.3782      6776607.9937   630.0293        
451913.1600      6776512.0980   632.1962       
451933.4373      6776607.4725   630.2739      
451896.8669      6776500.8250   632.0603      
451926.4359      6776608.2713   630.8296      
451900.6072      6776486.2588   630.0084       
451922.0162      6776607.9394   631.3269      
451883.0564      6776480.4398   632.7213      
451910.6070      6776606.3187   632.4189           
451874.8305      6776466.3287   632.5949      
451913.8696      6776591.0596   631.8081          
451858.7405      6776441.2466   629.7053            
451922.7795      6776583.6662   630.7800      
451854.3239      6776450.8020   631.6585   
451920.0265      6776577.8673   631.0927            
451853.3969      6776457.9541   632.8183            
451918.3513      6776572.3854   631.3028             
451919.1732      6776572.3629   631.2134         
451864.0834      6776471.6878   633.8236              
451915.9007      6776575.2252   631.4046       
451874.3711      6776476.5532   633.9763             
451878.9720      6776492.0742   634.1366        
451866.3834      6776491.5572   634.2782        
451918.7449      6776572.2614   631.2586              
451867.2750      6776504.2998   632.7159        
451916.5835      6776567.5911   631.4735      
451864.7131      6776523.6627   632.6595            
451913.7668      6776565.5921   631.6533       
451864.9244      6776547.9326   632.6252                
451913.9312      6776562.1379   631.7089               
451877.3814      6776550.6423   632.3736           
451908.0073      6776558.5842   632.0656            
451877.2153      6776529.6855   632.5385         
451909.2919      6776554.0782   632.1228         
451896.1133      6776524.7492   632.5345       
451902.6578      6776551.1555   632.3276              
451899.0128      6776530.6044   632.7875         
451900.3383      6776532.9839   633.4449           
451892.5290      6776556.2311   632.2831        
451902.9564      6776535.2228   632.9623        
451913.1713      6776535.8371   633.0606         
451886.4552      6776567.0328   632.3664         
451921.9120      6776541.3195   632.2889      
451884.6647      6776580.0439   633.2185      
451904.9886      6776519.4286   633.1405           
451883.4721      6776599.2278   634.2910       
451891.5875      6776515.5811   632.4718      
451874.9148      6776595.6248   634.7694      
451874.2435      6776561.9447   632.4869      
451872.7488      6776584.4223   634.3549                
451871.1859      6776567.8926   632.8216      
451862.4392      6776588.4117   635.4485      
451861.0372      6776560.7739   633.1385        
451855.6652      6776586.1249   635.9393             
451850.0813      6776569.4633   635.4742         
451844.8628      6776582.0132   635.8104        
451844.8058      6776561.5042   633.9699              
451847.8856      6776579.0718   636.3989          
451837.3726      6776570.1888   635.1740          
451852.2905      6776572.8225   635.8255            
451828.7793      6776557.7191   634.7799             
451840.8567      6776544.3310   633.1270        
451836.6048      6776571.5134   635.1544         
451845.5095      6776538.8290   632.3862      
451858.6104      6776529.8733   632.5270              
451858.0243      6776477.7920   634.3451       
451863.1133      6776504.4524   632.5090        
451844.1312      6776469.0679   634.5692      
451859.1314      6776510.8124   632.3964           
451843.4874      6776483.4678   633.4472      
451843.1067      6776508.8349   632.4135              
451861.2722      6776488.1020   634.3119      
451858.7500      6776493.1594   633.8444        
451836.1037      6776508.2343   632.3381        
451850.0684      6776495.2489   632.6527                
451842.5601      6776488.8348   632.7271         
451844.9775      6776495.0724   632.3426      
451835.5658      6776466.8678   632.9140      
451830.6125      6776465.6466   631.6355      
451878.1569      6776491.6914   634.1543        
451823.4782      6776559.6005   635.1010      
451813.3428      6776544.2252   634.6565      
451819.3370      6776537.5969   632.6718      
451813.3650      6776527.1966   632.5224          
451804.7021      6776531.2939   634.4002       
451799.8824      6776523.7022   634.1711             
451810.4052      6776519.3886   632.4917                                                    
451830.1026      6776491.7680   631.9979       
451823.9670      6776489.9016   631.8549       
451822.6286      6776508.0621   632.4405         
451811.9276      6776516.2075   632.2680            
451812.2326      6776522.6860   632.4741                
451806.0320      6776529.0319   633.9683           
451798.9316      6776518.0535   633.5083             
451798.3450      6776513.3826   633.0525             
451811.7584      6776501.8586   632.4650       
451808.6468      6776508.7196   632.6678             
451799.4805      6776520.0952   633.7382             
451846.9293      6776421.8286   624.8118               
451806.7287      6776472.4470   632.0507            
451874.7445      6776391.3648   620.0872                
451879.3048      6776386.1942   619.2862           
451847.5002      6776421.1408   624.5953              
451874.8114      6776379.1330   617.6551               
451839.7829      6776380.2309   616.0659          
451851.7026      6776379.8065   616.4261   
451836.6524      6776380.4729   615.9974       
451847.3223      6776379.9679   616.2727          
451835.0242      6776391.1143   618.2447           
451848.6054      6776388.5007   618.5107             
451834.4636      6776395.3234   619.2936              
451847.4022      6776393.4752   620.0052          
451840.0834      6776392.7895   619.6131        
451848.9669      6776400.2780   620.9301         
451841.0561      6776399.6140   620.7145        
451847.8549      6776408.4872   622.6200      
451833.1282      6776405.3299   620.4142      
451860.3573      6776410.6395   623.5430      
451839.0689      6776410.2783   622.2006      
451867.4470      6776415.8589   624.2606      
451831.3004      6776418.6807   621.1264      
451862.6302      6776419.9223   625.1466      
451841.5003      6776415.8200   622.8392      
451862.2971      6776423.5193   626.0629       
451829.8643      6776428.7361   623.2547            
451861.8448      6776430.3711   626.8508               
451841.3632      6776429.8041   625.4186         
451847.4260      6776430.0933   626.2562      
451859.1627      6776431.3390   627.2478       
451854.2289      6776424.5036   625.7943        
451863.4861      6776433.2496   627.5246            
451853.2892      6776435.0971   627.7245          
451862.5873      6776436.4577   628.2740         
451863.0110      6776440.8925   629.3780      
451863.4387      6776401.5955   621.5587      
451865.0977      6776444.1883   629.9622      
451868.3650      6776393.5556   620.1265      
451860.9226      6776446.8969   630.6630      
451857.3551      6776441.3514   629.7324      
451874.4238      6776440.6746   628.2422      
451847.8245      6776439.2364   628.4815      
451879.3772      6776445.1487   628.4045      
451848.2025      6776454.3617   632.4316         
451872.5557      6776449.4251   630.1409          
451839.2137      6776452.9187   631.4109      
451863.9247      6776450.5328   631.4631      
451855.7850      6776452.2520   632.0609         
451842.0712      6776441.8866   628.7047      
451832.7299      6776453.7348   630.6969      
451836.7688      6776437.5728   626.9765      
451828.9478      6776456.5669   630.2949            
451833.5822      6776433.9800   625.5155      
451830.2130      6776459.4094   631.1814             
451829.9127      6776443.0577   627.7689      
451819.0501      6776459.9274   628.4130          
451824.0412      6776452.5871   628.5002      
451819.7299      6776446.3588   625.4037      
451821.8598      6776440.0219   624.6527        
451821.4777      6776452.6184   627.9695      
451823.6697      6776429.1880   622.2791      
451846.1842      6776422.5919   624.7590      
451820.4091      6776429.4509   621.0246         
451809.3770      6776452.3230   626.3685         
451816.4273      6776429.2965   620.7229        
451806.8054      6776448.3878   625.5569      
451807.3311      6776428.9553   621.9196      
451803.8327      6776443.5446   624.4467      
451799.4353      6776428.2356   621.5476       
451807.5612      6776441.5442   623.2953        
451789.0048      6776428.1946   622.0440      
451800.9602      6776441.3730   624.2357       
451788.1520      6776428.1263   621.6884      
451786.1125      6776428.0375   622.2634          
451777.1290      6776427.7872   623.8677         
451813.3003      6776439.8176   622.0461      
451771.1775      6776427.3462   625.6422             
451813.3754      6776444.7326   623.0552      
451760.9688      6776428.7030   627.7373        
451756.7558      6776422.0933   626.9359          
451817.4994      6776437.7004   621.7873       
451755.8450      6776410.0654   625.7576          
451756.4342      6776388.9821   624.0778            
451757.1556      6776371.7450   623.0953                
451750.3124      6776368.9405   623.2877          
451748.9308      6776392.8902   624.8769             
451748.4523      6776409.0816   626.0905              
451748.9881      6776422.2048   627.2420             
451763.8857      6776422.3191   627.2740          
451762.0367      6776410.1810   625.7759      
451760.8637      6776396.1969   624.3946                
451760.8140      6776377.4807   623.3908             
451760.8928      6776373.4211   623.1574          
451845.7901      6776421.8110   624.6837
451768.6723      6776411.7729   622.9400               
451770.7128      6776412.6224   622.2047        
451765.1468      6776403.8514   623.0954               
451763.5907      6776395.4545   622.8115       
451827.5581      6776480.5556   631.3610             
451835.0144      6776478.4931   632.2954          
451843.8153      6776472.5893   634.2412             
451839.9330      6776464.0055   633.6234           
451829.0959      6776466.1890   631.3022                
451824.6017      6776466.4121   630.5193         
451820.2659      6776474.4822   631.0040         
451828.2157      6776472.0957   631.1453           
451832.0997      6776478.7494   631.6797           
451811.3712      6776464.4325   629.7949             
451803.8424      6776478.7467   634.1276         
451810.2393      6776480.3297   634.1494      
451810.1839      6776460.5090   628.7420       
451807.5002      6776483.4768   634.2226           
451806.8557      6776488.6643   633.9600      
451803.8832      6776460.3006   629.1768            
451800.6681      6776489.1086   633.8206           
451802.2674      6776462.7362   629.8259            
451799.4683      6776484.9947   633.9138         
451795.0022      6776458.3610   629.5867               
451797.1998      6776477.7408   633.8109         
451793.8666      6776463.0188   629.7652         
451788.2110      6776467.5735   630.2126          
451784.5868      6776473.7882   630.9609      
451784.1351      6776480.4125   631.8514            
451806.4611      6776472.4949   631.9058          
451768.8785      6776470.5768   631.2442      
451764.2528      6776457.4151   630.1157      
451759.1303      6776438.5158   628.3683          
451767.9714      6776437.0228   628.1350          
451778.4241      6776445.2273   628.7019        
451779.6337      6776459.4954   629.5470        
451805.5781      6776472.1949   631.8288       
451806.5633      6776472.2754   631.8894             
451797.1549      6776478.6836   633.8943       
451780.7149      6776440.2763   628.8291               
451796.7097      6776486.5633   633.6487               
451800.5359      6776488.9977   633.8290              
451801.4260      6776453.2243   628.8349             
451808.0580      6776457.5610   629.0159      
451810.2154      6776457.0832   627.5750           
451816.4034      6776455.0942   627.2933           
451816.6395      6776461.9086   628.8139            
451800.8146      6776492.8682   633.5117              
451795.4166      6776491.9846   633.2709           
451806.6552      6776472.5769   630.9195       
451798.6194      6776493.5607   633.3799         
451802.9268      6776494.0010   633.2768      
451807.8730      6776493.5175   633.3456  
451832.441	     6776508.345	632.160	
451832.305	     6776508.306	632.143	
451832.385	     6776508.443	632.143	
451810.806	     6776516.046	632.298	
451822.055	     6776539.098	632.463	
451839.036	     6776581.431	635.642	
451859.482	     6776597.765	635.759	
451891.652	     6776609.659	634.200	
451912.434	     6776616.231	633.152	
451936.240	     6776626.396	631.995	
451954.837	     6776638.757	631.371	
451976.018	     6776657.588	631.405	
452010.515	     6776690.902	633.225	
452000.984	     6776692.162	632.614	
451980.711	     6776672.347	631.670	
451962.698	     6776655.464	631.129	
451944.565	     6776640.554	631.218	
451910.184	     6776623.230	632.865	
451823.832	     6776555.547	634.669	
451824.700	     6776549.023	633.158	
451827.349	     6776544.151	632.762	
451816.552	     6776538.123	632.937	
451808.443	     6776537.076	634.393	
451806.242	     6776523.419	633.138	
451804.757	     6776515.163	632.620	
451798.409	     6776521.647	634.005	
451798.395	     6776521.634	634.011	
451793.288	     6776527.369	634.237	
451802.162	     6776541.325	634.448	
451813.186	     6776557.872	635.010	
451834.483	     6776587.599	636.082	
451833.273	     6776595.793	636.721	
451833.296	     6776595.793	636.721	
451829.137	     6776602.626	639.366	
451819.958	     6776605.818	640.707	
451807.115	     6776601.717	641.468	
451788.239	     6776619.229	641.316	
451770.289	     6776618.014	643.093	
451747.458	     6776597.749	647.389	
451746.161	     6776598.375	643.224	
451744.761	     6776562.643	640.840	
451748.710	     6776560.191	640.604	
451748.501	     6776528.944	638.881	
451745.234	     6776517.813	638.391	
451750.325	     6776500.091	637.848	
451746.500	     6776494.187	637.490	
451751.374	     6776560.078	640.572	
451758.357	     6776572.833	641.466	
451781.029	     6776584.246	641.137	
451782.463	     6776579.367	640.319	
451775.889	     6776582.094	641.103	
451776.163	     6776582.311	641.131	
451779.058	     6776577.208	639.544	 
451780.738	     6776575.258	638.888	
451780.946	     6776573.801	638.416	
451767.895	     6776570.703	639.775	
451773.106	     6776570.927	639.110	
451779.738	     6776573.816	638.443	
451785.462	     6776572.610	637.948	
451790.326	     6776571.891	637.475	
451791.051	     6776575.145	638.700	
451779.186	     6776559.663	637.111	
451788.678	     6776552.677	635.733	
451800.372	     6776566.107	635.770	
451810.091	     6776561.131	635.093	
451803.577	     6776547.662	634.602	
451784.734	     6776530.640	634.937	
451776.053	     6776527.048	636.577	
451772.717	     6776524.512	637.271	
451770.462	     6776513.155	636.810	
451776.181	     6776512.446	635.264	
451778.390	     6776511.254	634.756	
451778.752	     6776511.025	633.905	
451775.383	     6776499.735	633.336	
451766.744	     6776484.185	632.351	
451762.490	     6776474.760	631.605	
451759.587	     6776466.894	631.048	
451756.115	     6776456.186	630.124	
451753.733	     6776447.851	629.405	
451749.290	     6776482.196	635.340	
451749.303	     6776460.234	632.195	
451748.858	     6776429.399	627.774	
451748.863	     6776419.324	626.871	
451748.607	     6776408.520	625.903	
451748.814	     6776396.320	625.062	
451749.826	     6776377.330	623.687	
451752.378	     6776364.818	622.939	
451757.179	     6776377.671	623.319	
451756.560	     6776391.813	624.140	
451757.298	     6776391.454	623.994	
451760.708	     6776404.326	625.062	
451760.862	     6776404.126	625.073	
451763.697	     6776418.679	626.805	
451757.034	     6776424.493	627.094	
451759.603	     6776439.890	628.342	
451763.399	     6776454.608	629.711	
451767.264	     6776465.672	630.709	
451777.211	     6776487.832	632.564	
451788.902	     6776494.030	633.198	
451801.575	     6776488.032	633.774	
451807.875	     6776492.172	633.383	
451816.305	     6776501.181	632.207	
451820.617	     6776494.717	631.952	
451826.470	     6776491.946	631.830	
451827.911	     6776491.617	631.803	
451826.719	     6776481.335	631.299	
451821.922	     6776467.011	630.296	
451804.729	     6776477.245	633.758	
451802.790	     6776473.633	632.551	
451803.573	     6776469.678	631.246	
451798.563	     6776465.403	630.184	
451794.662	     6776472.506	631.855	
451789.583	     6776476.293	631.923	
451775.987	     6776464.435	629.997	
451775.701	     6776451.441	628.966	
451764.268	     6776427.952	627.056	
451771.341	     6776427.397	625.544	
451771.432	     6776427.430	625.573	
451771.431	     6776427.421	625.568	
451792.816	     6776428.142	621.998	
451832.008	     6776411.694	620.280	
451831.493	     6776414.837	620.467	
451832.858	     6776405.933	620.356	
451826.273	     6776379.873	614.088	
451816.698	     6776378.103	614.166	
451785.439	     6776371.757	614.709	
451787.952	     6776367.868	614.437
451833.749	     6776368.554	613.716	
451873.021	     6776366.499	614.207	
451912.932	     6776364.899	612.203
451967.478	     6776370.375	606.384	
451953.474	     6776375.296	608.081	
451918.639	     6776366.200	611.648	
451894.824	     6776365.298	613.845	
451890.009	     6776372.094	614.303	
451868.025	     6776368.071	614.210	
451860.891	     6776371.625	614.360	
451826.677	     6776370.796	613.749	
451811.617	     6776375.330	614.198	
451788.704	     6776359.399	614.536	
451779.940	     6776333.815	616.049	
451781.630	     6776327.511	616.325	
451774.140	     6776307.349	619.072	
451784.158	     6776291.886	620.071	
451781.528	     6776278.465	621.880	
451771.722	     6776299.717	621.703	
451759.420	     6776313.597	621.949	
451760.862	     6776337.516	621.952	
451751.867	     6776350.200	622.474	
451750.594	     6776364.076	622.993	
451758.261	     6776372.911	623.068	
451850.422	     6776503.183	632.151	
451855.692	     6776511.031	632.271	
451857.019	     6776521.962	632.346	
451855.229	     6776534.093	632.325	
451841.610	     6776537.088	632.080	
451889.828	     6776601.750	633.742	
451938.569	     6776597.469	629.174	
451937.614	     6776583.935	629.350	
451939.121	     6776573.619	629.216	
451952.365	     6776569.910	627.335	
451965.120	     6776564.979	624.545	
451968.111	     6776566.710	624.082	
451968.929	     6776566.431	623.926	
451974.506	     6776569.366	622.814	
451980.289	     6776570.257	621.580	
451983.593	     6776602.009	621.813	
451971.276	     6776612.078	624.388	
451985.047	     6776621.359	623.637	
451986.025	     6776603.760	621.643	
451986.003	     6776568.248	620.334	
451968.805	     6776563.008	624.552	
451972.912	     6776560.218	623.047	
451986.544	     6776554.735	621.835	
452000.581	     6776547.548	618.038	
452013.027	     6776544.823	615.954	
452022.430	     6776542.997	614.771	
452037.757	     6776540.094	613.080	
452043.030	     6776538.582	612.394	
452053.616	     6776534.590	611.033	
452064.462	     6776518.903	611.305	
452068.914	     6776524.049	611.226	
452070.888	     6776528.597	611.065	
452072.337	     6776533.488	610.887	
452073.212	     6776537.637	610.702	
452074.107	     6776542.458	610.538	
452074.727	     6776547.431	610.358	
452075.300	     6776552.345	610.541	
452075.878	     6776557.594	610.358	
452076.028	     6776557.606	610.368	
452076.938	     6776562.579	610.502	
452079.108	     6776567.265	610.849	
452081.656	     6776571.706	610.800	
452084.469	     6776575.969	611.043
452087.162	     6776580.375	611.230	
452090.040	     6776584.537	611.404	
452092.781	     6776588.834	611.446	
452096.308	     6776587.108	610.626	
452100.302	     6776584.923	610.319	
452118.794	     6776618.545	609.950	
452153.515	     6776624.309	605.545	
452200.126	     6776629.838	581.434	
452195.871	     6776614.333	595.940	
452199.986	     6776621.308	595.669	
452200.351	     6776621.818	594.930	
452200.357	     6776623.758	599.904	
452200.449	     6776623.488	600.317	
452199.731	     6776623.604	600.812	
452200.661	     6776625.808	599.807	
452201.090	     6776626.907	597.087	
452200.511	     6776626.098	597.097	
452200.506	     6776625.988	597.198	
452200.502	     6776625.889	597.197	
452200.330	     6776624.342	599.337	
452200.503	     6776623.964	601.871	
452200.768	     6776625.361	598.396	
452147.907	     6776617.492	605.730	
452098.547	     6776612.963	612.672	
452073.744	     6776607.181	614.765	
452046.231	     6776622.797	619.033	
452042.791	     6776597.554	614.921	
452050.796	     6776583.510	613.466	
452066.916	     6776581.762	612.392	
452063.057	     6776576.697	611.804	
452062.807	     6776576.718	612.166	
452067.213	     6776571.343	611.619	
452067.300	     6776565.090	610.269	
452065.900	     6776562.966	609.859	
452065.674	     6776562.153	609.871	
452021.213	     6776511.090	615.795	
452021.294	     6776511.191	615.909	
452001.484	     6776480.478	614.044	
451988.711	     6776450.895	613.742	
451988.505	     6776450.907	612.969	
451998.023	     6776434.801	610.397	
451998.575	     6776435.120	610.331	
452014.368	     6776440.931	608.243	
452011.244	     6776457.485	610.399
451970.454	     6776433.947	615.408	
451970.043	     6776462.445	617.322	
451970.023	     6776462.458	617.458	
451945.298	     6776451.050	618.990	
451937.263	     6776432.894	618.590	
451931.947	     6776444.491	620.042	
451931.949	     6776444.474	620.042	
451918.737	     6776432.403	620.476	
451902.856	     6776431.804	622.372	
451908.438	     6776414.524	620.305	
451873.733	     6776412.520	622.969	
451883.251	     6776392.488	620.186	
451901.906	     6776383.355	617.497	
451946.183	     6776392.541	615.267	
451960.674	     6776400.144	613.025	
451978.863	     6776409.613	611.928	
451997.410	     6776414.084	609.915	
451997.398	     6776414.121	609.834	
451986.324	     6776389.903	607.673	
451997.096	     6776391.770	605.222	
452017.535	     6776397.496	602.560	
452024.472	     6776387.577	600.759	
452023.405	     6776379.528	601.294	
452092.151	     6776376.129	604.788	
452092.147	     6776376.130	604.781	
452107.720	     6776376.715	605.199	
452107.709	     6776376.737	605.186	
452107.487	     6776387.836	603.155	
452126.661	     6776397.581	602.265	
452147.578	     6776394.958	601.522	
452147.576	     6776394.900	601.096	
452146.182	     6776400.694	601.757	
452144.660	     6776407.604	602.512	
452150.401	     6776416.370	602.520	
452149.182	     6776422.673	596.532	
452147.717	     6776424.058	595.277	
452160.371	     6776440.184	595.849	
452160.207	     6776439.669	594.746	
452164.208	     6776441.374	591.091	
452163.872	     6776441.642	590.518	
452176.388	     6776439.523	598.048	
452173.352	     6776432.608	598.939	
452180.086	     6776442.915	580.549	
452179.500	     6776430.921	587.727	